C_strain: 94.23496127128601
Tmax: 126638.6866569519
