t0.vtk: 119.14799267682322
t1.vtk: 119.5873321124157
t2.vtk: 111.17816047150696
t3.vtk: 102.92265982538817
t4.vtk: 95.08065549516012
t5.vtk: 87.88555320265938
t6.vtk: 81.54752696551894
t7.vtk: 76.22602414659004
t8.vtk: 72.06305810738989
t9.vtk: 69.1650791597198
t10.vtk: 67.5693215692113
t11.vtk: 67.27269556018437
t12.vtk: 68.2392136658507
t13.vtk: 70.38781239913958
t14.vtk: 73.53803666858445
t15.vtk: 77.41908376532102
t16.vtk: 81.71001738068531
t17.vtk: 86.11285103872645
t18.vtk: 90.39801531848688
t19.vtk: 94.40131690719414
t20.vtk: 98.02370265711357
t21.vtk: 101.23854084190725
t22.vtk: 104.07739900560902
t23.vtk: 106.59233486597863
t24.vtk: 108.85429358252065
t25.vtk: 110.93421494767311
t26.vtk: 112.89677336557493
t27.vtk: 114.79840406461118
t28.vtk: 116.68734549109013
t29.vtk: 118.6045712979181
t30.vtk: 120.58528565750719
